-----------------------
Datos de prueba
Extraidos de: https://www.sudoku-online.org/
-----------------------
-- Muy fácil - #2576 --
   2 8 59
 47 5 318
 59  3   
 65  7   
18459263 
792 6    
 7 48192 
421 39 75
9    5 64

-- Muy fácil - #2843 --
 8  37 52
         
     246 
 6      4
3    67 5
1257496 3
5    38  
4    5 37
 3642    

-----------------------
-- Normal - #5072 -----
  87 3  2
  4  2 9 
7  84  6 
  7    49
 2   613 
    75 86
   2 7  5
285 94   
37  68 24

-- Normal - #7722 -----
 76 32584
4 56789  
92 5 4  7
782     6
35 78    
   2    8
2   6 8  
 634972 5
  4  37  

-----------------------
-- Extremo - #2365 ----
37 1     
6    5  4
8        
4   8 3  
 169   8 
      2  
   7     
9  4  8 6
    2   9

-- Extremo - #1854 ----
 4 2 6 7 
  1      
    34   
 1  2 5  
27 8 9 1 
 8       
 3  5 7  
        8
9      61

-----------------------